101|5|1|999|9999|2026-04-27
102|1|2|0|0|2026-04-27
879961|7|3|200|5000|2026-04-27
879962|1|2|0|0|2026-04-27
880129|7|3|200|5000|2026-04-27
880130|1|2|0|0|2026-04-27
880370|7|3|200|5000|2026-04-27
880371|1|2|0|0|2026-04-27
880410|7|3|200|5000|2026-04-27
880411|1|2|0|0|2026-04-27
880419|7|3|200|5000|2026-04-27
880420|1|2|0|0|2026-04-27
880426|7|3|200|5000|2026-04-27
880427|1|2|0|0|2026-04-27
880432|7|3|200|5000|2026-04-27
880433|1|2|0|0|2026-04-27
880438|7|3|200|5000|2026-04-27
880439|1|2|0|0|2026-04-27
880970|7|3|200|5000|2026-04-27
880971|1|2|0|0|2026-04-27
881003|7|3|200|5000|2026-04-27
881004|1|2|0|0|2026-04-27
881009|7|3|200|5000|2026-04-27
881010|1|2|0|0|2026-04-27
881014|7|3|200|5000|2026-04-27
881015|1|2|0|0|2026-04-27
881020|7|3|200|5000|2026-04-27
881021|1|2|0|0|2026-04-27
881373|7|3|200|5000|2026-04-27
881374|1|2|0|0|2026-04-27
881386|7|3|200|5000|2026-04-27
881387|1|2|0|0|2026-04-27
881524|7|3|200|5000|2026-04-27
881525|1|2|0|0|2026-04-27
881533|7|3|200|5000|2026-04-27
881534|1|2|0|0|2026-04-27
881538|7|3|200|5000|2026-04-27
881539|1|2|0|0|2026-04-27
881610|7|3|200|5000|2026-04-27
881611|1|2|0|0|2026-04-27
881628|7|3|200|5000|2026-04-27
881629|1|2|0|0|2026-04-27
881661|7|3|200|5000|2026-04-27
881662|1|2|0|0|2026-04-27
883704|7|3|200|5000|2026-04-27
883705|1|2|0|0|2026-04-27
883732|7|3|200|5000|2026-04-27
883733|1|2|0|0|2026-04-27
884063|7|3|200|5000|2026-04-27
884064|1|2|0|0|2026-04-27
884074|7|3|200|5000|2026-04-27
884075|1|2|0|0|2026-04-27
884369|7|3|200|5000|2026-04-27
884370|1|2|0|0|2026-04-27
884390|7|3|200|5000|2026-04-27
884391|1|2|0|0|2026-04-27
884406|7|3|200|5000|2026-04-27
884407|1|2|0|0|2026-04-27
884412|7|3|200|5000|2026-04-27
884413|1|2|0|0|2026-04-27
884416|7|3|200|5000|2026-04-27
884417|1|2|0|0|2026-04-27
884669|7|3|200|5000|2026-04-27
884670|1|2|0|0|2026-04-27
893959|7|3|200|5000|2026-04-27
893960|1|2|0|0|2026-04-27
893973|7|3|200|5000|2026-04-27
893974|1|2|0|0|2026-04-27
894338|7|3|200|5000|2026-04-27
894339|1|2|0|0|2026-04-27
